CNN MODEL CLASSIFICATION REPORT
===============================

              precision    recall  f1-score   support

           1       0.81      0.93      0.87        46
           2       0.87      0.93      0.90       140
           3       0.86      0.81      0.83       133
           4       0.79      0.77      0.78        53
           5       0.75      0.82      0.78        33
           6       0.79      0.66      0.72        41
           7       0.95      0.87      0.91        70
           8       0.48      0.47      0.48        34
           9       0.46      0.40      0.43        15
          10       0.74      0.83      0.78        35

    accuracy                           0.81       600
   macro avg       0.75      0.75      0.75       600
weighted avg       0.81      0.81      0.81       600
