CLASSIFICATION REPORT (RF vs CLUSTERING)
=======================================

              precision    recall  f1-score   support

           1       0.97      0.99      0.98       227
           2       1.00      1.00      1.00       698
           3       0.99      0.99      0.99       667
           4       0.99      0.99      0.99       267
           5       0.99      0.99      0.99       165
           6       0.98      0.96      0.97       207
           7       1.00      1.00      1.00       352
           8       0.97      0.99      0.98       167
           9       1.00      0.95      0.97        77
          10       0.98      0.97      0.97       173

    accuracy                           0.99      3000
   macro avg       0.99      0.98      0.98      3000
weighted avg       0.99      0.99      0.99      3000
