CLASSIFICATION REPORT (CNN vs CLUSTERING)
=======================================

              precision    recall  f1-score   support

           1       0.94      0.97      0.95       227
           2       0.95      0.97      0.96       698
           3       0.95      0.93      0.94       667
           4       0.90      0.91      0.90       267
           5       0.92      0.95      0.94       165
           6       0.93      0.90      0.92       207
           7       0.98      0.96      0.97       352
           8       0.84      0.77      0.80       167
           9       0.74      0.74      0.74        77
          10       0.84      0.91      0.88       173

    accuracy                           0.93      3000
   macro avg       0.90      0.90      0.90      3000
weighted avg       0.93      0.93      0.93      3000
